113,148,215,25,162,217, 32,102,185,191,  

144,10,241,116,149,245,132,20,118,216,  

163,220,39,240,109,108,122,47,139,124,  

198,229,37,169,41,178,145,68,55,97,  

26,179,103,11,75,29,138,188,45,40,  

175,184,35,12,17,127,104,121,166,34,  

224, 147,51,70,106,85,197,49,141,86,  

 130,160,62,42,199,234,65,111,112,239,  

142,92,91,6,100,204,168,206,43,90,  

53,202,57,94,131,143,193,150,223,237,  

82,218,246,152,28,105,89,80,208,212,  

243,187,114,207,38,61,48,126,79,81,  

183,120,15,236,129,228,161,77,226,9,  

59,225,3,231,58,136,134,192,177,227,  

176,167,115,30,72,96,155,7,164,36,  

67,107,31,76,133,238,71,22,219,211,  

172,110,214,201,159,119,95,27,8,128,  

196,137,24,123,60,2,98,242,189,21,  

63,195,50,222,165,235,151,140,74,186,  

203,180,154,33,4,157,83,153,18,73,  

  